1.942891365524699987e+00 7.000000000000000000e+00 8.578821052084709738e-04 -1.852704287880950138e-02
3.500000000000000000e+00 7.000000000000000000e+00 1.885556935264660026e-03 -1.881309505672409954e-02
2.625000000000000000e+00 8.000000000000000000e+00 2.960040306666459741e-04 -1.858513759923939926e-02
2.721445682762349882e+00 7.000000000000000000e+00 1.298983577284640095e-03 -1.859662617051080144e-02
3.062500000000000000e+00 7.500000000000000000e+00 4.916048608529570386e-04 -1.864891940397159914e-02
2.283945682762349882e+00 7.500000000000000000e+00 6.492323363668120288e-04 -1.870016230298069890e-02
8.158119965583620070e-01 7.000000000000000000e+00 3.604614347288479892e-04 -1.850362815152750001e-02
1.942891365524699987e+00 7.000000000000000000e+00 8.578821052084709738e-04 -1.852704287880950138e-02
1.750000000000000000e+00 8.000000000000000000e+00 4.849845943753020049e-04 -1.867937279630689854e-02
1.379351681041530053e+00 7.000000000000000000e+00 6.035372035239080319e-04 -1.851333505758459910e-02
1.846445682762350105e+00 7.500000000000000000e+00 5.813149851167509615e-04 -1.864148624546469943e-02
1.282905998279179949e+00 7.500000000000000000e+00 4.384202429306160195e-04 -1.859629181757550126e-02
1.942891365524699987e+00 7.000000000000000000e+00 8.578821052084709738e-04 -1.852704287880950138e-02
2.625000000000000000e+00 8.000000000000000000e+00 2.960040306666459741e-04 -1.858513759923939926e-02
1.750000000000000000e+00 8.000000000000000000e+00 4.849845943753020049e-04 -1.867937279630689854e-02
2.283945682762349882e+00 7.500000000000000000e+00 6.492323363668120288e-04 -1.870016230298069890e-02
2.187500000000000000e+00 8.000000000000000000e+00 4.639163890488069860e-04 -1.870091479060060138e-02
1.846445682762350105e+00 7.500000000000000000e+00 5.813149851167509615e-04 -1.864148624546469943e-02
3.500000000000000000e+00 7.000000000000000000e+00 1.885556935264660026e-03 -1.881309505672409954e-02
3.500000000000000000e+00 8.000000000000000000e+00 0.000000000000000000e+00 -1.848751973737219889e-02
2.625000000000000000e+00 8.000000000000000000e+00 2.960040306666459741e-04 -1.858513759923939926e-02
3.500000000000000000e+00 7.500000000000000000e+00 0.000000000000000000e+00 -1.825785822095609898e-02
3.062500000000000000e+00 8.000000000000000000e+00 1.762456861740410122e-04 -1.854380481878370110e-02
3.062500000000000000e+00 7.500000000000000000e+00 4.916048608529570386e-04 -1.864891940397159914e-02
0.000000000000000000e+00 7.000000000000000000e+00 0.000000000000000000e+00 -1.849257602173850004e-02
8.158119965583620070e-01 7.000000000000000000e+00 3.604614347288479892e-04 -1.850362815152750001e-02
0.000000000000000000e+00 8.000000000000000000e+00 0.000000000000000000e+00 -1.827487626333200096e-02
4.079059982791810035e-01 7.000000000000000000e+00 1.749676739581589957e-04 -1.850026007336470074e-02
4.079059982791810035e-01 7.500000000000000000e+00 1.167910861556040002e-04 -1.852611147777449840e-02
0.000000000000000000e+00 7.500000000000000000e+00 0.000000000000000000e+00 -1.869475416939109930e-02
0.000000000000000000e+00 8.000000000000000000e+00 0.000000000000000000e+00 -1.827487626333200096e-02
8.158119965583620070e-01 7.000000000000000000e+00 3.604614347288479892e-04 -1.850362815152750001e-02
8.750000000000000000e-01 8.000000000000000000e+00 2.863329655282969991e-04 -1.858707658597300028e-02
4.079059982791810035e-01 7.500000000000000000e+00 1.167910861556040002e-04 -1.852611147777449840e-02
8.454059982791809480e-01 7.500000000000000000e+00 2.886530692756760050e-04 -1.856906163122680128e-02
4.375000000000000000e-01 8.000000000000000000e+00 2.485305627967849857e-04 -1.850749828834529973e-02
8.158119965583620070e-01 7.000000000000000000e+00 3.604614347288479892e-04 -1.850362815152750001e-02
1.750000000000000000e+00 8.000000000000000000e+00 4.849845943753020049e-04 -1.867937279630689854e-02
8.750000000000000000e-01 8.000000000000000000e+00 2.863329655282969991e-04 -1.858707658597300028e-02
1.282905998279179949e+00 7.500000000000000000e+00 4.384202429306160195e-04 -1.859629181757550126e-02
1.312500000000000000e+00 8.000000000000000000e+00 4.452446545330170005e-04 -1.861307025488069880e-02
8.454059982791809480e-01 7.500000000000000000e+00 2.886530692756760050e-04 -1.856906163122680128e-02
3.500000000000000000e+00 0.000000000000000000e+00 1.377915948808850020e-03 0.000000000000000000e+00
3.500000000000000000e+00 1.432911311718469971e+00 1.375538045966809937e-03 -3.784057303315200172e-03
2.222556436610950037e+00 1.078913742279230092e+00 8.693433255868400012e-04 -2.848553484157999912e-03
3.500000000000000000e+00 7.164556558592329871e-01 1.376986405102950065e-03 -1.891661174498459946e-03
2.861278218305479903e+00 1.255912526998850032e+00 1.122037220721700023e-03 -3.316882904247400211e-03
2.861278218305479903e+00 5.394568711396130478e-01 1.124170443517049983e-03 -1.424673697069269926e-03
1.914213562373090038e+00 0.000000000000000000e+00 7.501780800399039575e-04 0.000000000000000000e+00
3.500000000000000000e+00 0.000000000000000000e+00 1.377915948808850020e-03 0.000000000000000000e+00
2.222556436610950037e+00 1.078913742279230092e+00 8.693433255868400012e-04 -2.848553484157999912e-03
2.707106781186550126e+00 0.000000000000000000e+00 1.063520871488479996e-03 0.000000000000000000e+00
2.861278218305479903e+00 5.394568711396130478e-01 1.124170443517049983e-03 -1.424673697069269926e-03
2.068384999492019816e+00 5.394568711396130478e-01 8.103161861515529923e-04 -1.424262198192979964e-03
3.500000000000000000e+00 5.632528949484170155e+00 1.456401339245169896e-03 -1.497665774373659921e-02
3.500000000000000000e+00 7.000000000000000000e+00 1.885556935264660026e-03 -1.881309505672409954e-02
2.334142519489859957e+00 5.969178953098680296e+00 1.014329964606939909e-03 -1.576708674044199898e-02
3.500000000000000000e+00 6.316264474742090407e+00 1.583222355921249953e-03 -1.687132608299590081e-02
2.917071259744929979e+00 6.484589476549340148e+00 1.334640974732099940e-03 -1.718759069951740145e-02
2.917071259744929979e+00 5.800853951291429667e+00 1.226576502683229949e-03 -1.535877239587520038e-02
3.500000000000000000e+00 1.432911311718469971e+00 1.375538045966809937e-03 -3.784057303315200172e-03
3.500000000000000000e+00 2.849174668076190020e+00 1.374775267318589962e-03 -7.531082171303300245e-03
2.306402363001459843e+00 2.300708912781340043e+00 8.966099752470060164e-04 -6.073777249386199881e-03
3.500000000000000000e+00 2.141042989897329996e+00 1.374025489898989937e-03 -5.656380882646129711e-03
2.903201181500730144e+00 2.574941790428769917e+00 1.133990223014370077e-03 -6.802358728165890100e-03
2.903201181500730144e+00 1.866810112249909892e+00 1.136159540574759952e-03 -4.930707064292220304e-03
3.500000000000000000e+00 7.000000000000000000e+00 1.885556935264660026e-03 -1.881309505672409954e-02
1.942891365524699987e+00 7.000000000000000000e+00 8.578821052084709738e-04 -1.852704287880950138e-02
2.334142519489859957e+00 5.969178953098680296e+00 1.014329964606939909e-03 -1.576708674044199898e-02
2.721445682762349882e+00 7.000000000000000000e+00 1.298983577284640095e-03 -1.859662617051080144e-02
2.138516942507279861e+00 6.484589476549340148e+00 9.516461446101550162e-04 -1.713742022063769951e-02
2.917071259744929979e+00 6.484589476549340148e+00 1.334640974732099940e-03 -1.718759069951740145e-02
3.500000000000000000e+00 2.849174668076190020e+00 1.374775267318589962e-03 -7.531082171303300245e-03
3.500000000000000000e+00 4.248983489569919669e+00 1.390357242078879996e-03 -1.125126678081339940e-02
2.382942944385519901e+00 3.565422877467269824e+00 9.266937838883809904e-04 -9.413334842390510410e-03
3.500000000000000000e+00 3.549079078823059952e+00 1.379385540386419973e-03 -9.388769211835840470e-03
2.941471472192759951e+00 3.907203183518599854e+00 1.154692606415720071e-03 -1.032994729936530069e-02
2.941471472192759951e+00 3.207298772771729922e+00 1.149478665307070071e-03 -8.475621639692320838e-03
3.500000000000000000e+00 4.248983489569919669e+00 1.390357242078879996e-03 -1.125126678081339940e-02
3.500000000000000000e+00 5.632528949484170155e+00 1.456401339245169896e-03 -1.497665774373659921e-02
2.431260589978450071e+00 4.802011102119809749e+00 9.725718099086270172e-04 -1.268147849022679963e-02
3.500000000000000000e+00 4.940756219527050241e+00 1.415161923837049895e-03 -1.310667180966489966e-02
2.965630294989229920e+00 5.217270025801989952e+00 1.202214286036700028e-03 -1.381068724503430045e-02
2.965630294989229920e+00 4.525497295844870038e+00 1.175636285454730035e-03 -1.197154877057910079e-02
3.500000000000000000e+00 2.849174668076190020e+00 1.374775267318589962e-03 -7.531082171303300245e-03
2.382942944385519901e+00 3.565422877467269824e+00 9.266937838883809904e-04 -9.413334842390510410e-03
2.306402363001459843e+00 2.300708912781340043e+00 8.966099752470060164e-04 -6.073777249386199881e-03
2.941471472192759951e+00 3.207298772771729922e+00 1.149478665307070071e-03 -8.475621639692320838e-03
2.344672653693490094e+00 2.933065895124309819e+00 9.100839283105189572e-04 -7.743136192538259931e-03
2.903201181500730144e+00 2.574941790428769917e+00 1.133990223014370077e-03 -6.802358728165890100e-03
3.500000000000000000e+00 5.632528949484170155e+00 1.456401339245169896e-03 -1.497665774373659921e-02
2.334142519489859957e+00 5.969178953098680296e+00 1.014329964606939909e-03 -1.576708674044199898e-02
2.431260589978450071e+00 4.802011102119809749e+00 9.725718099086270172e-04 -1.268147849022679963e-02
2.917071259744929979e+00 5.800853951291429667e+00 1.226576502683229949e-03 -1.535877239587520038e-02
2.382701554734159899e+00 5.385595027609250351e+00 9.828304032786820080e-04 -1.422207573179650082e-02
2.965630294989229920e+00 5.217270025801989952e+00 1.202214286036700028e-03 -1.381068724503430045e-02
2.382942944385519901e+00 3.565422877467269824e+00 9.266937838883809904e-04 -9.413334842390510410e-03
3.500000000000000000e+00 4.248983489569919669e+00 1.390357242078879996e-03 -1.125126678081339940e-02
2.431260589978450071e+00 4.802011102119809749e+00 9.725718099086270172e-04 -1.268147849022679963e-02
2.941471472192759951e+00 3.907203183518599854e+00 1.154692606415720071e-03 -1.032994729936530069e-02
2.965630294989229920e+00 4.525497295844870038e+00 1.175636285454730035e-03 -1.197154877057910079e-02
2.407101767181980101e+00 4.183716989793540009e+00 9.440287532104879803e-04 -1.104675352327929953e-02
2.334142519489859957e+00 5.969178953098680296e+00 1.014329964606939909e-03 -1.576708674044199898e-02
1.942891365524699987e+00 7.000000000000000000e+00 8.578821052084709738e-04 -1.852704287880950138e-02
1.196091455317259911e+00 6.159319406124629914e+00 5.189608721845540224e-04 -1.624987313744589990e-02
2.138516942507279861e+00 6.484589476549340148e+00 9.516461446101550162e-04 -1.713742022063769951e-02
1.569491410420980060e+00 6.579659703062319842e+00 6.891205753793049537e-04 -1.738533675713839835e-02
1.765116987403559934e+00 6.064249179611659990e+00 7.706792961297520388e-04 -1.599939813069639963e-02
2.222556436610950037e+00 1.078913742279230092e+00 8.693433255868400012e-04 -2.848553484157999912e-03
3.500000000000000000e+00 1.432911311718469971e+00 1.375538045966809937e-03 -3.784057303315200172e-03
2.306402363001459843e+00 2.300708912781340043e+00 8.966099752470060164e-04 -6.073777249386199881e-03
2.861278218305479903e+00 1.255912526998850032e+00 1.122037220721700023e-03 -3.316882904247400211e-03
2.903201181500730144e+00 1.866810112249909892e+00 1.136159540574759952e-03 -4.930707064292220304e-03
2.264479399806210047e+00 1.689811327530289953e+00 8.831967891899660276e-04 -4.461239806598520270e-03
2.431260589978450071e+00 4.802011102119809749e+00 9.725718099086270172e-04 -1.268147849022679963e-02
2.334142519489859957e+00 5.969178953098680296e+00 1.014329964606939909e-03 -1.576708674044199898e-02
1.438359239952810009e+00 5.220554561880570432e+00 5.975827251807720253e-04 -1.374717243280330035e-02
2.382701554734159899e+00 5.385595027609250351e+00 9.828304032786820080e-04 -1.422207573179650082e-02
1.886250879721329987e+00 5.594866757489629805e+00 7.983634002890010149e-04 -1.475023735337860006e-02
1.934809914965629929e+00 5.011282832000190091e+00 7.857241035624960498e-04 -1.321058554011409966e-02
2.382942944385519901e+00 3.565422877467269824e+00 9.266937838883809904e-04 -9.413334842390510410e-03
2.431260589978450071e+00 4.802011102119809749e+00 9.725718099086270172e-04 -1.268147849022679963e-02
1.432783204273559985e+00 4.175275058615129709e+00 5.626775641092029599e-04 -1.099320600439909930e-02
2.407101767181980101e+00 4.183716989793540009e+00 9.440287532104879803e-04 -1.104675352327929953e-02
1.932021897126009913e+00 4.488643080367469729e+00 7.649814782622679776e-04 -1.183290000373709953e-02
1.907863074329539943e+00 3.870348968041199988e+00 7.421895262661810022e-04 -1.020472374829660064e-02
1.914213562373090038e+00 0.000000000000000000e+00 7.501780800399039575e-04 0.000000000000000000e+00
2.222556436610950037e+00 1.078913742279230092e+00 8.693433255868400012e-04 -2.848553484157999912e-03
1.006608364609550055e+00 8.788207606106359648e-01 3.922276716327419729e-04 -2.318530358795669894e-03
2.068384999492019816e+00 5.394568711396130478e-01 8.103161861515529923e-04 -1.424262198192979964e-03
1.614582400610250046e+00 9.788672514449310302e-01 6.301839754890620118e-04 -2.583491977376449998e-03
1.460410963491320047e+00 4.394103803053179824e-01 5.710722673665399830e-04 -1.159787488660620012e-03
2.306402363001459843e+00 2.300708912781340043e+00 8.966099752470060164e-04 -6.073777249386199881e-03
2.382942944385519901e+00 3.565422877467269824e+00 9.266937838883809904e-04 -9.413334842390510410e-03
1.122909796417649986e+00 3.017134391922799974e+00 4.314605984222439879e-04 -7.946256467267310414e-03
2.344672653693490094e+00 2.933065895124309819e+00 9.100839283105189572e-04 -7.743136192538259931e-03
1.752926370401580058e+00 3.291278634695030014e+00 6.768204380471790028e-04 -8.677180491126359682e-03
1.714656079709550029e+00 2.658921652352070009e+00 6.620165968300539914e-04 -7.012204593220949973e-03
1.914213562373090038e+00 0.000000000000000000e+00 7.501780800399039575e-04 0.000000000000000000e+00
1.006608364609550055e+00 8.788207606106359648e-01 3.922276716327419729e-04 -2.318530358795669894e-03
7.928932188134519832e-01 0.000000000000000000e+00 3.096808768969649831e-04 0.000000000000000000e+00
1.460410963491320047e+00 4.394103803053179824e-01 5.710722673665399830e-04 -1.159787488660620012e-03
8.997507917114999643e-01 4.394103803053179824e-01 3.512766284012630211e-04 -1.159369196529049916e-03
1.353553390593269956e+00 0.000000000000000000e+00 5.294281562015910230e-04 0.000000000000000000e+00
1.196091455317259911e+00 6.159319406124629914e+00 5.189608721845540224e-04 -1.624987313744589990e-02
1.942891365524699987e+00 7.000000000000000000e+00 8.578821052084709738e-04 -1.852704287880950138e-02
8.158119965583620070e-01 7.000000000000000000e+00 3.604614347288479892e-04 -1.850362815152750001e-02
1.569491410420980060e+00 6.579659703062319842e+00 6.891205753793049537e-04 -1.738533675713839835e-02
1.379351681041530053e+00 7.000000000000000000e+00 6.035372035239080319e-04 -1.851333505758459910e-02
1.005951725937809904e+00 6.579659703062319842e+00 4.386860991388059775e-04 -1.737774846674779855e-02
2.222556436610950037e+00 1.078913742279230092e+00 8.693433255868400012e-04 -2.848553484157999912e-03
2.306402363001459843e+00 2.300708912781340043e+00 8.966099752470060164e-04 -6.073777249386199881e-03
1.109471086108279936e+00 1.860793837612970014e+00 4.289120850262060085e-04 -4.906389949716649657e-03
2.264479399806210047e+00 1.689811327530289953e+00 8.831967891899660276e-04 -4.461239806598520270e-03
1.707936724554870001e+00 2.080751375197159803e+00 6.616876690312890235e-04 -5.489295275234599807e-03
1.666013761359619982e+00 1.469853789946099942e+00 6.483320998881919551e-04 -3.878657814994069825e-03
1.438359239952810009e+00 5.220554561880570432e+00 5.975827251807720253e-04 -1.374717243280330035e-02
2.334142519489859957e+00 5.969178953098680296e+00 1.014329964606939909e-03 -1.576708674044199898e-02
1.196091455317259911e+00 6.159319406124629914e+00 5.189608721845540224e-04 -1.624987313744589990e-02
1.886250879721329987e+00 5.594866757489629805e+00 7.983634002890010149e-04 -1.475023735337860006e-02
1.765116987403559934e+00 6.064249179611659990e+00 7.706792961297520388e-04 -1.599939813069639963e-02
1.317225347635029964e+00 5.689936984002599729e+00 5.635974768594850500e-04 -1.499231089282949958e-02
2.431260589978450071e+00 4.802011102119809749e+00 9.725718099086270172e-04 -1.268147849022679963e-02
1.438359239952810009e+00 5.220554561880570432e+00 5.975827251807720253e-04 -1.374717243280330035e-02
1.432783204273559985e+00 4.175275058615129709e+00 5.626775641092029599e-04 -1.099320600439909930e-02
1.934809914965629929e+00 5.011282832000190091e+00 7.857241035624960498e-04 -1.321058554011409966e-02
1.435571222113189993e+00 4.697914810247850070e+00 5.770648729584060450e-04 -1.236811681290810039e-02
1.932021897126009913e+00 4.488643080367469729e+00 7.649814782622679776e-04 -1.183290000373709953e-02
1.122909796417649986e+00 3.017134391922799974e+00 4.314605984222439879e-04 -7.946256467267310414e-03
2.382942944385519901e+00 3.565422877467269824e+00 9.266937838883809904e-04 -9.413334842390510410e-03
1.432783204273559985e+00 4.175275058615129709e+00 5.626775641092029599e-04 -1.099320600439909930e-02
1.752926370401580058e+00 3.291278634695030014e+00 6.768204380471790028e-04 -8.677180491126359682e-03
1.907863074329539943e+00 3.870348968041199988e+00 7.421895262661810022e-04 -1.020472374829660064e-02
1.277846500345610092e+00 3.596204725268960178e+00 4.939520289721669810e-04 -9.468848111815919566e-03
1.006608364609550055e+00 8.788207606106359648e-01 3.922276716327419729e-04 -2.318530358795669894e-03
2.222556436610950037e+00 1.078913742279230092e+00 8.693433255868400012e-04 -2.848553484157999912e-03
1.109471086108279936e+00 1.860793837612970014e+00 4.289120850262060085e-04 -4.906389949716649657e-03
1.614582400610250046e+00 9.788672514449310302e-01 6.301839754890620118e-04 -2.583491977376449998e-03
1.666013761359619982e+00 1.469853789946099942e+00 6.483320998881919551e-04 -3.878657814994069825e-03
1.058039725358919991e+00 1.369807299111799992e+00 4.108634860590500235e-04 -3.612953825789359981e-03
1.109471086108279936e+00 1.860793837612970014e+00 4.289120850262060085e-04 -4.906389949716649657e-03
2.306402363001459843e+00 2.300708912781340043e+00 8.966099752470060164e-04 -6.073777249386199881e-03
1.122909796417649986e+00 3.017134391922799974e+00 4.314605984222439879e-04 -7.946256467267310414e-03
1.707936724554870001e+00 2.080751375197159803e+00 6.616876690312890235e-04 -5.489295275234599807e-03
1.714656079709550029e+00 2.658921652352070009e+00 6.620165968300539914e-04 -7.012204593220949973e-03
1.116190441262969957e+00 2.438964114767879998e+00 4.295445295828080189e-04 -6.427272636220310309e-03
1.196091455317259911e+00 6.159319406124629914e+00 5.189608721845540224e-04 -1.624987313744589990e-02
8.158119965583620070e-01 7.000000000000000000e+00 3.604614347288479892e-04 -1.850362815152750001e-02
0.000000000000000000e+00 6.222222222222219656e+00 0.000000000000000000e+00 -1.641373854355539924e-02
1.005951725937809904e+00 6.579659703062319842e+00 4.386860991388059775e-04 -1.737774846674779855e-02
4.079059982791810035e-01 6.611111111111109828e+00 1.772482919659820115e-04 -1.745501977875999963e-02
5.980457276586289561e-01 6.190770814173429670e+00 2.574986462586409961e-04 -1.632993461806750077e-02
7.928932188134519832e-01 0.000000000000000000e+00 3.096808768969649831e-04 0.000000000000000000e+00
1.006608364609550055e+00 8.788207606106359648e-01 3.922276716327419729e-04 -2.318530358795669894e-03
0.000000000000000000e+00 7.777777777777780122e-01 0.000000000000000000e+00 -2.051559048858550127e-03
8.997507917114999643e-01 4.394103803053179824e-01 3.512766284012630211e-04 -1.159369196529049916e-03
5.033041823047740282e-01 8.282992691942070440e-01 1.959473564055529918e-04 -2.184806401210860182e-03
3.964466094067259916e-01 3.888888888888890061e-01 1.547090730389530041e-04 -1.025933193843409997e-03
1.006608364609550055e+00 8.788207606106359648e-01 3.922276716327419729e-04 -2.318530358795669894e-03
1.109471086108279936e+00 1.860793837612970014e+00 4.289120850262060085e-04 -4.906389949716649657e-03
0.000000000000000000e+00 1.555555555555550029e+00 0.000000000000000000e+00 -4.100518379188140133e-03
1.058039725358919991e+00 1.369807299111799992e+00 4.108634860590500235e-04 -3.612953825789359981e-03
5.547355430541419663e-01 1.708174696584259911e+00 2.142557981010699878e-04 -4.502580133576240297e-03
5.033041823047740282e-01 1.217188158083100102e+00 1.953931117003139875e-04 -3.209775891120290187e-03
1.438359239952810009e+00 5.220554561880570432e+00 5.975827251807720253e-04 -1.374717243280330035e-02
1.196091455317259911e+00 6.159319406124629914e+00 5.189608721845540224e-04 -1.624987313744589990e-02
6.458997097358250006e-01 5.543866006171289662e+00 2.745368527517879948e-04 -1.460023516299130061e-02
1.317225347635029964e+00 5.689936984002599729e+00 5.635974768594850500e-04 -1.499231089282949958e-02
9.209955825265410123e-01 5.851592706147959788e+00 3.950555093987350038e-04 -1.542301690047170014e-02
1.042129474844319947e+00 5.382210284025929603e+00 4.396601099086089900e-04 -1.417047576310090026e-02
1.109471086108279936e+00 1.860793837612970014e+00 4.289120850262060085e-04 -4.906389949716649657e-03
1.122909796417649986e+00 3.017134391922799974e+00 4.314605984222439879e-04 -7.946256467267310414e-03
0.000000000000000000e+00 2.333333333333329929e+00 0.000000000000000000e+00 -6.144538119579260292e-03
1.116190441262969957e+00 2.438964114767879998e+00 4.295445295828080189e-04 -6.427272636220310309e-03
5.614548982088259921e-01 2.675233862628060066e+00 2.151643838406560119e-04 -7.043343303629660129e-03
5.547355430541419663e-01 2.097063585473149860e+00 2.134348534152259963e-04 -5.525268060626639839e-03
1.432783204273559985e+00 4.175275058615129709e+00 5.626775641092029599e-04 -1.099320600439909930e-02
1.438359239952810009e+00 5.220554561880570432e+00 5.975827251807720253e-04 -1.374717243280330035e-02
5.923380864224949693e-01 4.673269027127900266e+00 2.404893544877610115e-04 -1.228864117413819984e-02
1.435571222113189993e+00 4.697914810247850070e+00 5.770648729584060450e-04 -1.236811681290810039e-02
1.015348663187650047e+00 4.946911794504240234e+00 4.173630906281879734e-04 -1.301620892797620069e-02
1.012560645348030031e+00 4.424272042871519872e+00 4.031793863178029800e-04 -1.163848121577779927e-02
1.122909796417649986e+00 3.017134391922799974e+00 4.314605984222439879e-04 -7.946256467267310414e-03
1.432783204273559985e+00 4.175275058615129709e+00 5.626775641092029599e-04 -1.099320600439909930e-02
6.294333906188680494e-01 3.773165364358579854e+00 2.445169942486889823e-04 -9.922365113476210030e-03
1.277846500345610092e+00 3.596204725268960178e+00 4.939520289721669810e-04 -9.468848111815919566e-03
1.031108297446220012e+00 3.974220211486850118e+00 4.028085509014540087e-04 -1.045614060953489917e-02
8.761715935182600168e-01 3.395149878140689914e+00 3.372459302091030103e-04 -8.934455180933690774e-03
8.158119965583620070e-01 7.000000000000000000e+00 3.604614347288479892e-04 -1.850362815152750001e-02
0.000000000000000000e+00 7.000000000000000000e+00 0.000000000000000000e+00 -1.849257602173850004e-02
0.000000000000000000e+00 6.222222222222219656e+00 0.000000000000000000e+00 -1.641373854355539924e-02
4.079059982791810035e-01 7.000000000000000000e+00 1.749676739581589957e-04 -1.850026007336470074e-02
0.000000000000000000e+00 6.611111111111109828e+00 0.000000000000000000e+00 -1.745481651999889958e-02
4.079059982791810035e-01 6.611111111111109828e+00 1.772482919659820115e-04 -1.745501977875999963e-02
0.000000000000000000e+00 7.777777777777780122e-01 0.000000000000000000e+00 -2.051559048858550127e-03
1.006608364609550055e+00 8.788207606106359648e-01 3.922276716327419729e-04 -2.318530358795669894e-03
0.000000000000000000e+00 1.555555555555550029e+00 0.000000000000000000e+00 -4.100518379188140133e-03
5.033041823047740282e-01 8.282992691942070440e-01 1.959473564055529918e-04 -2.184806401210860182e-03
5.033041823047740282e-01 1.217188158083100102e+00 1.953931117003139875e-04 -3.209775891120290187e-03
0.000000000000000000e+00 1.166666666666670071e+00 0.000000000000000000e+00 -3.076436446998940134e-03
1.196091455317259911e+00 6.159319406124629914e+00 5.189608721845540224e-04 -1.624987313744589990e-02
0.000000000000000000e+00 6.222222222222219656e+00 0.000000000000000000e+00 -1.641373854355539924e-02
6.458997097358250006e-01 5.543866006171289662e+00 2.745368527517879948e-04 -1.460023516299130061e-02
5.980457276586289561e-01 6.190770814173429670e+00 2.574986462586409961e-04 -1.632993461806750077e-02
3.229498548679129999e-01 5.883044114196749774e+00 1.386507235351429953e-04 -1.550596703145419933e-02
9.209955825265410123e-01 5.851592706147959788e+00 3.950555093987350038e-04 -1.542301690047170014e-02
0.000000000000000000e+00 0.000000000000000000e+00 0.000000000000000000e+00 0.000000000000000000e+00
7.928932188134519832e-01 0.000000000000000000e+00 3.096808768969649831e-04 0.000000000000000000e+00
0.000000000000000000e+00 7.777777777777780122e-01 0.000000000000000000e+00 -2.051559048858550127e-03
3.964466094067259916e-01 0.000000000000000000e+00 1.547613580952100104e-04 0.000000000000000000e+00
3.964466094067259916e-01 3.888888888888890061e-01 1.547090730389530041e-04 -1.025933193843409997e-03
0.000000000000000000e+00 3.888888888888890061e-01 0.000000000000000000e+00 -1.025841640638749941e-03
0.000000000000000000e+00 1.555555555555550029e+00 0.000000000000000000e+00 -4.100518379188140133e-03
1.109471086108279936e+00 1.860793837612970014e+00 4.289120850262060085e-04 -4.906389949716649657e-03
0.000000000000000000e+00 2.333333333333329929e+00 0.000000000000000000e+00 -6.144538119579260292e-03
5.547355430541419663e-01 1.708174696584259911e+00 2.142557981010699878e-04 -4.502580133576240297e-03
5.547355430541419663e-01 2.097063585473149860e+00 2.134348534152259963e-04 -5.525268060626639839e-03
0.000000000000000000e+00 1.944444444444439979e+00 0.000000000000000000e+00 -5.123193748186529936e-03
1.438359239952810009e+00 5.220554561880570432e+00 5.975827251807720253e-04 -1.374717243280330035e-02
6.458997097358250006e-01 5.543866006171289662e+00 2.745368527517879948e-04 -1.460023516299130061e-02
5.923380864224949693e-01 4.673269027127900266e+00 2.404893544877610115e-04 -1.228864117413819984e-02
1.042129474844319947e+00 5.382210284025929603e+00 4.396601099086089900e-04 -1.417047576310090026e-02
6.191188980791599850e-01 5.108567516649589635e+00 2.580200140222100149e-04 -1.344126004191040051e-02
1.015348663187650047e+00 4.946911794504240234e+00 4.173630906281879734e-04 -1.301620892797620069e-02
0.000000000000000000e+00 2.333333333333329929e+00 0.000000000000000000e+00 -6.144538119579260292e-03
1.122909796417649986e+00 3.017134391922799974e+00 4.314605984222439879e-04 -7.946256467267310414e-03
0.000000000000000000e+00 3.111111111111109828e+00 0.000000000000000000e+00 -8.183549348058469231e-03
5.614548982088259921e-01 2.675233862628060066e+00 2.151643838406560119e-04 -7.043343303629660129e-03
5.614548982088259921e-01 3.064122751516949794e+00 2.153808671698190127e-04 -8.063279145112270743e-03
0.000000000000000000e+00 2.722222222222220100e+00 0.000000000000000000e+00 -7.164474287457379617e-03
1.122909796417649986e+00 3.017134391922799974e+00 4.314605984222439879e-04 -7.946256467267310414e-03
6.294333906188680494e-01 3.773165364358579854e+00 2.445169942486889823e-04 -9.922365113476210030e-03
0.000000000000000000e+00 3.111111111111109828e+00 0.000000000000000000e+00 -8.183549348058469231e-03
8.761715935182600168e-01 3.395149878140689914e+00 3.372459302091030103e-04 -8.934455180933690774e-03
3.147166953094340247e-01 3.442138237734840178e+00 1.213862380906140031e-04 -9.052034379789429541e-03
5.614548982088259921e-01 3.064122751516949794e+00 2.153808671698190127e-04 -8.063279145112270743e-03
1.432783204273559985e+00 4.175275058615129709e+00 5.626775641092029599e-04 -1.099320600439909930e-02
5.923380864224949693e-01 4.673269027127900266e+00 2.404893544877610115e-04 -1.228864117413819984e-02
6.294333906188680494e-01 3.773165364358579854e+00 2.445169942486889823e-04 -9.922365113476210030e-03
1.012560645348030031e+00 4.424272042871519872e+00 4.031793863178029800e-04 -1.163848121577779927e-02
6.108857385206819535e-01 4.223217195743240282e+00 2.415075192980790019e-04 -1.110392366270239982e-02
1.031108297446220012e+00 3.974220211486850118e+00 4.028085509014540087e-04 -1.045614060953489917e-02
0.000000000000000000e+00 6.222222222222219656e+00 0.000000000000000000e+00 -1.641373854355539924e-02
0.000000000000000000e+00 5.444444444444440201e+00 0.000000000000000000e+00 -1.433448719573839937e-02
6.458997097358250006e-01 5.543866006171289662e+00 2.745368527517879948e-04 -1.460023516299130061e-02
0.000000000000000000e+00 5.833333333333330373e+00 0.000000000000000000e+00 -1.537242493536809980e-02
3.229498548679129999e-01 5.494155225307859602e+00 1.368784163429460129e-04 -1.446703631079689946e-02
3.229498548679129999e-01 5.883044114196749774e+00 1.386507235351429953e-04 -1.550596703145419933e-02
0.000000000000000000e+00 4.666666666666669627e+00 0.000000000000000000e+00 -1.226935894560829930e-02
0.000000000000000000e+00 3.888888888888890172e+00 0.000000000000000000e+00 -1.022249601765480055e-02
5.923380864224949693e-01 4.673269027127900266e+00 2.404893544877610115e-04 -1.228864117413819984e-02
0.000000000000000000e+00 4.277777777777780344e+00 0.000000000000000000e+00 -1.124379134130540012e-02
2.961690432112479843e-01 4.281078958008399660e+00 1.177136185469820017e-04 -1.125343829504779972e-02
2.961690432112479843e-01 4.669967846897289832e+00 1.204133070353259974e-04 -1.227857533798100073e-02
0.000000000000000000e+00 5.444444444444440201e+00 0.000000000000000000e+00 -1.433448719573839937e-02
0.000000000000000000e+00 4.666666666666669627e+00 0.000000000000000000e+00 -1.226935894560829930e-02
5.923380864224949693e-01 4.673269027127900266e+00 2.404893544877610115e-04 -1.228864117413819984e-02
0.000000000000000000e+00 5.055555555555559799e+00 0.000000000000000000e+00 -1.329930562281640000e-02
2.961690432112479843e-01 4.669967846897289832e+00 1.204133070353259974e-04 -1.227857533798100073e-02
2.961690432112479843e-01 5.058856735786170233e+00 1.233022501752160124e-04 -1.330844077869610016e-02
0.000000000000000000e+00 3.888888888888890172e+00 0.000000000000000000e+00 -1.022249601765480055e-02
0.000000000000000000e+00 3.111111111111109828e+00 0.000000000000000000e+00 -8.183549348058469231e-03
6.294333906188680494e-01 3.773165364358579854e+00 2.445169942486889823e-04 -9.922365113476210030e-03
0.000000000000000000e+00 3.500000000000000000e+00 0.000000000000000000e+00 -9.202668260424739718e-03
3.147166953094340247e-01 3.442138237734840178e+00 1.213862380906140031e-04 -9.052034379789429541e-03
3.147166953094340247e-01 3.831027126623729906e+00 1.225542145608379883e-04 -1.007166260412549995e-02
5.923380864224949693e-01 4.673269027127900266e+00 2.404893544877610115e-04 -1.228864117413819984e-02
6.458997097358250006e-01 5.543866006171289662e+00 2.745368527517879948e-04 -1.460023516299130061e-02
0.000000000000000000e+00 5.444444444444440201e+00 0.000000000000000000e+00 -1.433448719573839937e-02
6.191188980791599850e-01 5.108567516649589635e+00 2.580200140222100149e-04 -1.344126004191040051e-02
3.229498548679129999e-01 5.494155225307859602e+00 1.368784163429460129e-04 -1.446703631079689946e-02
2.961690432112479843e-01 5.058856735786170233e+00 1.233022501752160124e-04 -1.330844077869610016e-02
6.294333906188680494e-01 3.773165364358579854e+00 2.445169942486889823e-04 -9.922365113476210030e-03
5.923380864224949693e-01 4.673269027127900266e+00 2.404893544877610115e-04 -1.228864117413819984e-02
0.000000000000000000e+00 3.888888888888890172e+00 0.000000000000000000e+00 -1.022249601765480055e-02
6.108857385206819535e-01 4.223217195743240282e+00 2.415075192980790019e-04 -1.110392366270239982e-02
2.961690432112479843e-01 4.281078958008399660e+00 1.177136185469820017e-04 -1.125343829504779972e-02
3.147166953094340247e-01 3.831027126623729906e+00 1.225542145608379883e-04 -1.007166260412549995e-02
